Cities:
12
Edge Weights:
2147483647 107 241 190 124 80 316 76 152 157 283 133 
107 2147483647 148 137 88 127 336 183 134 95 254 180 
241 148 2147483647 374 171 259 509 317 217 232 491 312 
190 137 374 2147483647 202 234 222 192 248 42 117 287 
124 88 171 202 2147483647 61 392 202 46 160 319 112 
80 127 259 234 61 2147483647 386 141 72 167 351 55 
316 336 509 222 392 386 2147483647 233 438 254 202 439 
76 183 317 192 202 141 233 2147483647 213 188 272 193 
152 134 217 248 46 72 438 213 2147483647 206 365 89 
157 95 232 42 160 167 254 188 206 2147483647 159 220 
283 254 491 117 319 351 202 272 365 159 2147483647 404 
133 180 312 287 112 55 439 193 89 220 404 2147483647

